4294967278,56
4294967278,57
4294967279,146
4294967279,348
4294967279,144
4294967279,369
4294967278,58
4294967279,141
4294967279,341
4294967278,60
4294967278,59
4294967279,84
4294967279,83
4294967279,80
4294967279,79
4294967279,78
4294967279,139
4294967279,365
4294967279,347
4294967279,520
4294967279,559
4294967279,133
4294967278,286
4294967278,346
4294967278,174
4294967278,284
4294967279,560
4294967279,77
4294967279,76
4294967279,73
4294967279,72
4294967279,555
4294967279,68
4294967279,349
4294967279,66
4294967279,65
4294967279,64
4294967279,63
4294967279,61
4294967279,244
4294967279,60
4294967279,332
4294967279,58
4294967279,314
4294967279,57
4294967279,54
4294967279,53
4294967279,52
4294967279,48
4294967279,320
4294967279,46
4294967279,45
4294967279,44
4294967279,43
4294967279,42
4294967279,41
4294967279,37
4294967279,35
4294967279,34
4294967279,33
4294967279,31
4294967279,29
4294967279,28
4294967279,27
4294967279,26
4294967279,25
4294967279,24
4294967279,22
4294967279,21
4294967279,20
4294967279,18
4294967279,17
4294967279,16
4294967279,14
4294967279,11
4294967279,270
4294967279,282
4294967279,279
4294967279,280
4294967279,265
4294967294,190
4294967279,264
4294967279,13
4294967294,18
4294967294,127
4294967294,14
4294967294,995
4294967294,97
4294967294,106
4294967294,189
4294967294,184
4294967294,384
4294967294,185
4294967294,143
4294967294,142
4294967294,140
4294967294,139
4294967294,134
4294967294,1018
4294967294,992
4294967294,990
4294967294,989
4294967294,988
4294967294,987
4294967294,60
4294967294,12
4294967294,1419
4294967279,357
4294967279,255
4294967279,283
4294967279,254
4294967279,253
4294967279,382
4294967278,258
4294967278,433
4294967278,257
4294967278,331
4294967278,327
4294967278,356
1616,7
1616,6
4294967278,355
1616,5
1616,4
4294967278,328
1616,3
1616,2
1616,1
4294967278,413
4294967278,340
4294967278,377
4294967279,381
4294967278,387
4294967278,253
4294967278,250
4294967278,290
4294967278,248
4294967278,246
4294967278,315
4294967278,244
4294967278,242
4294967278,240
4294967278,333
4294967278,236
4294967278,234
4294967294,37
4294967294,392
4294967294,390
4294967294,114
4294967278,232
4294967278,417
4294967278,230
4294967278,226
4294967278,224
4294967278,222
4294967294,40
4294967278,218
4294967294,1000
4294967278,216
4294967278,369
4294967294,128
4294967294,29
4294967278,214
4294967294,42
4294967294,76
4294967294,39
4294967294,43
4294967294,437
4294967294,427
4294967294,44
4294967278,336
4294967279,260
4294967278,211
4294967278,430
4294967278,210
4294967294,52
4294967294,51
4294967278,209
4294967278,280
4294967278,208
4294967278,206
1612,5
4294967278,205
1612,4
1612,3
1612,2
1612,1
4294967278,204
4294967294,82
4294967278,202
4294967278,201
4294967278,394
4294967278,200
4294967294,84
4294967294,83
4294967294,87
4294967294,85
4294967294,1420
4294967294,90
4294967294,91
4294967278,198
4294967278,303
4294967279,380
4294967278,296
4294967278,196
4294967278,348
1610,6
4294967278,383
4294967294,5
4294967279,379
4294967279,0
4294967278,320
4294967279,222
4294967278,372
4294967278,192
4294967294,38
4294967294,149
4294967294,202
4294967279,192
4294967278,191
4294967278,447
4294967278,190
4294967278,189
4294967279,189
4294967278,186
4294967278,188
1610,5
1610,4
4294967278,187
1610,3
1610,2
1610,1
4294967278,436
4294967278,185
4294967278,184
4294967278,183
4294967279,525
4294967278,181
4294967294,395
4294967294,409
4294967294,151
4294967294,178
4294967294,179
4294967294,407
4294967294,454
4294967294,451
4294967294,108
4294967294,491
4294967294,461
4294967294,466
4294967294,493
4294967279,179
4294967278,180
4294967278,388
4294967279,325
4294967278,179
1608,6
4294967278,176
4294967279,251
4294967278,381
4294967278,359
1608,5
1608,4
1608,3
1608,2
1608,1
4294967279,172
1607,5
4294967279,168
4294967294,89
1607,4
1607,3
1607,2
1607,1
4294967279,166
1606,4
4294967294,1001
4294967294,186
4294967294,468
1606,3
1606,2
1606,1
4294967279,355
0,7
4294967294,0
4294967294,389
4294967294,2
4294967279,376
4294967294,107
4294967294,86
4294967294,150
4294967294,419
4294967294,28
4294967294,1016
4294967294,27
4294967294,53
4294967294,45
4294967294,96
4294967294,94
4294967279,564
4294967294,9
4294967294,8
4294967279,322
4294967294,7
4294967294,6
4294967294,93
4294967294,95
4294967278,283
4294967278,260
4294967278,0
4294967279,154
4294967294,75
0,5
4294967294,169
4294967294,22
4294967294,120
4294967294,450
4294967294,421
4294967294,1017
4294967294,50
4294967294,492
4294967294,424
4294967294,417
4294967294,30
4294967294,163
4294967294,1
4294967294,46
4294967294,17
4294967294,99
4294967294,36
4294967294,41
4294967294,115
4294967294,165
4294967294,168
4294967294,104
4294967294,166
4294967294,24
4294967294,175
4294967294,25
4294967294,26
4294967294,177
4294967294,1414
4294967294,81
4294967294,1415
4294967294,92
4294967294,88
4294967294,67
4294967294,11
4294967294,126
4294967294,20
4294967294,13
4294967294,68
4294967278,132
4294967278,131
4294967278,130
